spawns:
  default:
    world: 2d6b15b8-82a3-4b19-8725-b3e9ec3b7eb9
    world-name: spwn
    x: -9.572910556998211
    y: 58.0
    z: -9.292900444083429
    yaw: -2.0657241344451904
    pitch: 3.0985851287841797
